48
72
96
72
72
84
48
96
72
108
96
96
120
84
144
72
168
60
168
84
144
96
120
108
96
120
72
132
72
156
96
144
120
132
144
120
168
108
192
96
192
120
120
156
96
168
72
180
120
180
96
192
72
204
72
228
96
216
120
204
120
228
96
240
72
252
48
264
96
264
120
252
144
240
144
264
120
276
96
288
192
264
168
276
144
288
120
300
96
312
96
336
120
324
144
312
168
300
192
288
216
276
240
264
120
348
144
336
168
324
192
312
216
300
240
288
264
276
288
264
312
252
336
240
360
228
384
216
288
240
312
228
336
216
360
204
384
192
408
180
288
216
312
204
336
192
360
180
384
168
408
156
432
144
288
192
312
180
336
168
360
156
384
144
408
132
432
120
408
108
384
120
360
132
336
144
312
156
312
132
336
120
360
108
384
96
408
84
384
72
360
84
336
96
312
108
288
96
312
84
336
72
360
60
336
48
312
60
384
240
360
252
336
264
312
276
288
288
264
300
240
312
216
324
192
336
168
348
144
360
120
372
144
384
168
372
192
360
216
348
240
336
264
324
288
312
312
300
336
288
360
276
384
264
384
288
360
300
336
312
312
324
288
336
264
348
240
360
216
372
192
384
168
396
240
384
264
372
288
360
312
348
336
336
360
324
384
312
384
336
