48
96
144
72
144
96
96
120
72
132
96
144
120
132
144
120
168
108
192
96
192
120
168
132
144
144
120
156
48
216
120
180
144
168
168
156
192
144
216
156
192
168
168
180
144
192
120
204
96
216
72
228
96
240
120
228
144
216
192
192
216
180
240
168
288
168
264
180
240
192
312
180
288
192
264
204
240
216
264
228
288
216
312
204
336
192
336
216
288
240
264
252
240
264
288
264
264
276
240
288
216
300
192
312
168
324
144
336
120
348
96
360
96
336
120
324
144
312
96
312
96
288
96
264
144
384
144
360
192
336
216
324
240
312
264
300
288
288
288
312
264
324
240
336
288
336
312
324
336
312
384
312
360
324
336
336
312
348
312
372
336
360
360
348
384
336
408
348
384
360
360
372
336
384
384
384
432
96
408
84
384
72
432
72
