168
60
96
96
72
108
192
72
168
84
144
96
120
108
96
120
288
48
264
60
240
72
216
84
192
96
168
108
144
120
120
132
96
144
336
48
312
60
288
72
264
84
240
96
216
108
192
120
168
132
144
144
120
156
96
168
360
60
336
72
312
84
288
96
264
108
240
120
216
132
192
144
168
156
144
168
120
180
96
192
384
72
360
84
336
96
312
108
288
120
264
132
240
144
216
156
192
168
168
180
144
192
120
204
96
216
408
84
384
96
360
108
336
120
312
132
288
144
264
156
240
168
216
180
192
192
168
204
144
216
120
228
96
240
72
252
48
264
408
108
384
120
360
132
336
144
312
156
288
168
264
180
240
192
216
204
192
216
168
228
144
240
120
252
96
264
432
120
408
132
384
144
360
156
336
168
312
180
288
192
264
204
240
216
216
228
192
240
168
252
144
264
120
276
96
288
432
144
408
156
384
168
360
180
336
192
312
204
288
216
264
228
240
240
216
252
192
264
168
276
144
288
120
300
96
312
408
180
384
192
360
204
336
216
312
228
288
240
264
252
240
264
216
276
192
288
168
300
144
312
120
324
96
336
384
216
360
228
336
240
312
252
288
264
264
276
240
288
216
300
192
312
168
324
144
336
120
348
384
240
360
252
336
264
312
276
288
288
264
300
240
312
216
324
192
336
168
348
144
360
120
372
384
264
360
276
336
288
312
300
288
312
264
324
240
336
216
348
192
360
168
372
144
384
384
288
360
300
336
312
312
324
288
336
264
348
240
360
216
372
192
384
384
312
360
324
336
336
312
348
288
360
264
372
240
384
384
336
