24
60
120
36
144
48
120
60
96
72
72
84
48
96
48
72
48
120
72
108
96
96
120
84
144
72
144
96
96
120
192
48
240
48
240
72
264
60
288
48
336
48
312
60
288
72
264
84
264
108
384
48
408
60
432
72
384
72
384
96
288
144
264
156
240
168
240
144
264
132
216
204
240
192
264
180
288
168
336
168
312
180
288
192
264
204
240
216
336
192
312
204
288
216
264
228
240
240
264
252
336
216
432
192
48
216
96
216
72
228
48
240
96
240
72
252
96
264
72
276
96
288
72
300
48
312
48
336
72
324
96
312
120
324
96
336
72
348
72
372
96
360
120
348
144
336
168
348
144
360
120
372
96
384
120
396
192
336
240
336
216
348
192
360
240
360
264
348
264
372
288
360
288
384
312
372
336
360
360
348
384
336
360
324
384
312
384
360
360
372
336
384
312
396
336
408
360
396
384
384
408
372
432
360
456
372
432
384
408
396
384
408
384
432
408
420
432
408
432
432
